General data: 465 / 555 = 0.837838
eGENERALCLASS: 461 / 551 = 0.836661
eAOIu: 102 / 118 = 0.864407
eCOI: 12 / 12 = 1.000000
eAORs: 9 / 12 = 0.750000
eAODs: 5 / 7 = 0.714286
eAORb: 82 / 94 = 0.872340
eLOI: 95 / 118 = 0.805085
eROR: 141 / 175 = 0.805714
eCOR: 15 / 15 = 1.000000


